5.676019477591274
4.6990503147046825
4.441103902672583
4.7180873463893755
4.088665974393131
3.9867536582111995
3.827962499793708
3.7054855145257095
3.528835095603523
3.525955967308672
3.502759838689227
3.2609427101732247
3.298850999586778
2.9934345142278493
3.222836759109396
3.1651931027597713
3.116286209312611
2.96777096410487
2.996637411712019
2.9215710701060233
2.874666529364232
2.7195308599176395
2.9128440213772597
2.580693297621742
2.5818302169718854
2.6521828530914586
2.5893342346150616
2.559517620492045
2.7055033002078375
2.598004422548279
2.381281489659526
2.520071482073407
2.492110886628337
2.345467963984696
2.4050874815221173
2.380620375690631
2.4604983166136853
2.3091527456788232
2.4773566464767534
2.268765538733265
2.2683254440243426
2.24031593211845
2.1897549826246676
2.2115245379052997
2.2699897444809465