8.222914943569585
6.066684544086456
5.467595685469477
6.597972038545106
5.938971972779224
5.281595212848563
4.86987956730943
5.906546807602832
5.189923416627081
5.580723840939371
4.624854876806862
5.548771378241088
5.56636389305717
5.159924969861382
4.299321823998501
5.340617553183907
5.1009422948485925
4.342546444190176
4.438640503506911
4.7232225694154435
4.3843794904257125
4.4225283939587445
4.278687190068395
4.056957213502181
3.9685451670696863
4.00191392082917
3.993285252859718
3.820779794140866
3.8643012282095457
4.298039257526398
