6.826609945392229
5.714429534763929
5.676214711124678
5.972537411636566
5.432980457625066
4.895376493731343
4.978620377669771
4.919970288694618
5.250080542260432
4.613264281436266
5.302782662836204
4.517873972060671
4.872572588730618
4.368092726901233
4.512124897474312
4.514851388228367
4.544968772219471
4.134613862550591
4.215637993527599
4.444941280372589
4.174056052686684
4.030674990904759
3.9319941885917786
4.055684765496577
3.6985708427619173
3.835306785496108
4.065649043991272
3.807881443386534
4.008681194240828
3.7585835190883197
3.649414563321497
3.584392716210202
3.6353448242305286
3.6955030116426992
3.780874768576299
3.3401028107836903
3.7298340721434333
3.312284255882658
3.2923248426847724
3.6264265436100294
3.3652198613877315
3.223350816751381
3.303187298822213
3.1844143171709374
